 	4	8	7
!	1	8	7
"	3	8	7
#	5	8	7
$	5	8	7
%	5	8	7
&	5	8	7
'	1	8	7
(	3	8	7
)	3	8	7
*	3	8	7
+	5	8	7
,	1	8	7
-	5	8	7
.	1	8	7
/	5	8	7
0	5	8	7
1	5	8	7
2	5	8	7
3	5	8	7
4	5	8	7
5	5	8	7
6	5	8	7
7	5	8	7
8	5	8	7
9	5	8	7
:	1	8	7
;	1	8	7
<	4	8	7
=	5	8	7
>	4	8	7
?	5	8	7
@	6	8	7
A	5	8	7
B	5	8	7
C	5	8	7
D	5	8	7
E	5	8	7
F	5	8	7
G	5	8	7
H	5	8	7
I	3	8	7
J	5	8	7
K	5	8	7
L	5	8	7
M	5	8	7
N	5	8	7
O	5	8	7
P	5	8	7
Q	5	8	7
R	5	8	7
S	5	8	7
T	5	8	7
U	5	8	7
V	5	8	7
W	5	8	7
X	5	8	7
Y	5	8	7
Z	5	8	7
[	3	8	7
\	5	8	7
]	3	8	7
^	5	8	7
_	5	8	7
`	2	8	7
a	5	8	7
b	5	8	7
c	5	8	7
d	5	8	7
e	5	8	7
f	4	8	7
g	5	8	7
h	5	8	7
i	1	8	7
j	5	8	7
k	4	8	7
l	2	8	7
m	5	8	7
n	5	8	7
o	5	8	7
p	5	8	7
q	5	8	7
r	5	8	7
s	5	8	7
t	3	8	7
u	5	8	7
v	5	8	7
w	5	8	7
x	5	8	7
y	5	8	7
z	5	8	7
{	3	8	7
|	1	8	7
}	3	8	7
~	6	8	7
ยฃ	5	8	7
ฦ	5	8	7
ยช	4	8	7
ยบ	4	8	7
ยฌ	5	8	7
ยซ	6	8	7
ยป	6	8	7
โ	7	8	7
โ	8	8	7
โ	8	8	7
โ	5	8	7
โค	5	8	7
โก	5	8	7
โข	7	8	7
โ	7	8	7
โ	5	8	7
โฃ	7	8	7
โ	7	8	7
โ	7	8	7
โ	7	8	7
โ	7	8	7
โ	5	8	7
โ	5	8	7
โ	8	8	7
โด	8	8	7
โฌ	8	8	7
โ	8	8	7
โ	8	8	7
โผ	8	8	7
โ	8	8	7
โ	8	8	7
โ	8	8	7
โ	8	8	7
โฉ	8	8	7
โฆ	8	8	7
โ	8	8	7
โ	8	8	7
โฌ	8	8	7
โง	8	8	7
โจ	8	8	7
โค	8	8	7
โฅ	8	8	7
โ	8	8	7
โ	8	8	7
โ	8	8	7
โ	8	8	7
โซ	8	8	7
โช	8	8	7
โ	5	8	7
โ	8	8	7
โ	8	8	7
โ	8	8	7
โ	4	8	7
โ	8	8	7
โ	8	8	7
โ	7	8	7
โ	5	8	7
โก	6	8	7
ยฑ	5	8	7
โฅ	5	8	7
โค	5	8	7
โ	7	8	7
โก	4	8	7
รท	5	8	7
โ	6	8	7
ยฐ	4	8	7
โ	5	8	7
โ	6	8	7
โฟ	4	8	7
ยฒ	4	8	7
โ	5	8	7
ร	5	12	10
ร	5	12	10
ร	5	12	10
ร	5	12	10
ร	5	12	10
ร	5	12	10
ร	9	12	10
ร	5	12	10
ร	5	12	10
ร	5	12	10
ร	5	12	10
ร	5	12	10
ร	3	12	10
ร	3	12	10
ร	3	12	10
ร	3	12	10
ร	6	12	10
ร	5	12	10
ร	5	12	10
ร	5	12	10
ร	5	12	10
ร	5	12	10
ร	5	12	10
ร	5	12	10
ร	5	12	10
ร	5	12	10
ร	5	12	10
ร	5	12	10
ร	5	12	10
รก	5	12	10
รข	5	12	10
รฃ	5	12	10
รค	5	12	10
รฅ	5	12	10
รฆ	9	12	10
รง	5	12	10
รฌ	2	12	10
รญ	2	12	10
รฎ	3	12	10
รฏ	3	12	10
รฑ	5	12	10
รฒ	5	12	10
รณ	5	12	10
รด	5	12	10
รต	5	12	10
รถ	5	12	10
รน	5	12	10
รบ	5	12	10
รป	5	12	10
รผ	5	12	10
รฝ	5	12	10
รฟ	5	12	10
ฤ	5	12	10
ฤ	5	12	10
ฤ	5	12	10
ฤ	5	12	10
ฤ	5	12	10
ฤ	5	12	10
ฤ	5	12	10
ฤ	5	12	10
ฤ	5	12	10
ฤ	5	12	10
ฤ	5	12	10
ฤ	5	12	10
ฤ	5	12	10
ฤ	5	12	10
ฤ	5	12	10
ฤ	7	12	10
ฤ	6	12	10
ฤ	6	12	10
ฤ	5	12	10
ฤ	5	12	10
ฤ	5	12	10
ฤ	5	12	10
ฤ	5	12	10
ฤ	5	12	10
ฤ	5	12	10
ฤ	5	12	10
ฤ	5	12	10
ฤ	5	12	10
ฤ	5	12	10
ฤ	5	12	10
แธ	5	12	10
แธก	5	12	10
ฤ	5	12	10
ฤ	5	12	10
ฤ	5	12	10
ฤก	5	12	10
ฤข	5	12	10
ฤฃ	5	12	10
ฤค	5	12	10
ฤฅ	5	12	10
ฤฆ	7	12	10
ฤง	6	12	10
ฤจ	4	12	10
ฤฉ	4	12	10
ฤช	3	12	10
ฤซ	3	12	10
ฤฌ	4	12	10
ฤญ	4	12	10
ฤฎ	3	12	10
ฤฏ	2	12	10
ฤฐ	3	12	10
ฤฑ	1	12	10
ฤด	5	12	10
ฤต	5	12	10
ฤถ	5	12	10
ฤท	4	12	10
ฤน	5	12	10
ฤบ	2	12	10
ฤป	5	12	10
ฤผ	2	12	10
ฤฝ	5	12	10
ฤพ	3	12	10
ฤฟ	5	12	10
ล	3	12	10
ล	6	12	10
ล	4	12	10
ล	5	12	10
ล	5	12	10
ล	5	12	10
ล	5	12	10
ล	5	12	10
ล	5	12	10
ล	5	12	10
ล	5	12	10
ล	5	12	10
ล	5	12	10
ล	5	12	10
ล	5	12	10
ล	5	12	10
ล	5	12	10
ล	9	12	10
ล	9	12	10
ล	5	12	10
ล	5	12	10
ล	5	12	10
ล	5	12	10
ล	5	12	10
ล	5	12	10
ล	5	12	10
ล	5	12	10
ล	5	12	10
ล	5	12	10
ล	5	12	10
ล	5	12	10
ล	5	12	10
ลก	5	12	10
ลข	5	12	10
ลฃ	3	12	10
ลค	5	12	10
ลฅ	4	12	10
ลฆ	5	12	10
ลง	3	12	10
ลจ	5	12	10
ลฉ	5	12	10
ลช	5	12	10
ลซ	5	12	10
ลฌ	5	12	10
ลญ	5	12	10
ลฎ	5	12	10
ลฏ	5	12	10
ลฐ	5	12	10
ลฑ	5	12	10
ลฒ	5	12	10
ลณ	5	12	10
ลด	5	12	10
ลต	5	12	10
ลถ	5	12	10
ลท	5	12	10
ลธ	5	12	10
ลน	5	12	10
ลบ	5	12	10
ลป	5	12	10
ลผ	5	12	10
ลฝ	5	12	10
ลพ	5	12	10
วผ	9	12	10
วฝ	9	12	10
วพ	5	12	10
วฟ	5	12	10
ศ	5	12	10
ศ	5	12	10
ศ	5	12	10
ศ	3	12	10
ฮ	7	12	10
ฮ	7	12	10
ฮ	7	12	10
ฮ	5	12	10
ฮ	7	12	10
ฮ	7	12	10
ฮ	7	12	10
ฮ	5	12	10
ฮช	3	12	10
ฮซ	5	12	10
ฮฌ	5	12	10
ฮญ	5	12	10
ฮฎ	5	12	10
ฮฏ	2	12	10
ฮฐ	5	12	10
ฯ	3	12	10
ฯ	5	12	10
ฯ	5	12	10
ฯ	5	12	10
ฯ	7	12	10
ะ	5	12	10
ะ	5	12	10
ะ	5	12	10
ะ	3	12	10
ะ	5	12	10
ะ	5	12	10
ะ	5	12	10
ะ	5	12	10
ะน	5	12	10
ั	5	12	10
ั	5	12	10
ั	6	12	10
ั	4	12	10
ั	3	12	10
ั	6	12	10
ั	4	12	10
ั	5	12	10
ั	5	12	10
ั	5	12	10
า	5	12	10
า	5	12	10
แธ	5	12	10
แธ	5	12	10
แธ	5	12	10
แธ	5	12	10
แธ	5	12	10
แธ	4	12	10
แธข	5	12	10
แธฃ	5	12	10
แธฐ	5	12	10
แธฑ	4	12	10
แน	5	12	10
แน	5	12	10
แน	5	12	10
แน	5	12	10
แน	5	12	10
แนก	5	12	10
แนช	5	12	10
แนซ	3	12	10
แบ	5	12	10
แบ	5	12	10
แบ	5	12	10
แบ	5	12	10
แบ	5	12	10
แบ	5	12	10
แปฒ	5	12	10
แปณ	5	12	10
รจ	5	12	10
รฉ	5	12	10
รช	5	12	10
รซ	5	12	10
ล	7	12	10
วง	5	12	10
วซ	5	12	10
ะ	5	12	10
แธ	5	12	10
แธฅ	5	12	10
แน	5	12	10
แนญ	3	12	10
แบ	5	12	10
แป	3	12	10
แป	1	12	10
แป	5	12	10
แป	5	12	10
แปค	5	12	10
แปฅ	5	12	10
โ	9	12	10
ศ	5	12	10
ฦ	5	12	10
ษฃ	5	12	10
ส	5	12	10
โ	9	12	10
วฑ	9	12	10
วฒ	9	12	10
วณ	9	12	10
ว	9	12	10
ว	9	12	10
ว	9	12	10
ว	9	12	10
ว	9	12	10
ว	9	12	10
ว	9	12	10
ว	9	12	10
โน	9	12	10
แตซ	9	12	10
๊ฒ	9	12	10
๊ณ	9	12	10
๊ด	9	12	10
๊ต	9	12	10
๊ถ	9	12	10
๊ท	9	12	10
๊ธ	9	12	10
๊บ	9	12	10
๊ผ	9	12	10
๊ฝ	8	12	10
๊	9	12	10
๊	9	12	10
๊	5	12	10
๊ก	5	12	10
๏ฌ	9	12	10
๏ฌ	9	12	10
แก	4	12	10
แต	4	12	10
ฦ	7	12	10
ฦก	7	12	10
ฦฏ	7	12	10
ฦฐ	7	12	10
แบฎ	5	12	10
แบฏ	5	12	10
แบค	5	12	10
แบฅ	5	12	10
แบพ	5	12	10
แบฟ	5	12	10
แป	5	12	10
แป	7	12	10
แป	7	12	10
แปจ	7	12	10
แปฉ	7	12	10
แบฐ	5	12	10
แบฑ	5	12	10
แบฆ	5	12	10
แบง	5	12	10
แป	5	12	10
แป	5	12	10
แป	5	12	10
แป	7	12	10
แป	7	12	10
แปช	7	12	10
แปซ	7	12	10
แบข	5	12	10
แบฃ	5	12	10
แบฒ	5	12	10
แบณ	5	12	10
แบจ	5	12	10
แบฉ	5	12	10
แบบ	5	12	10
แบป	5	12	10
แป	5	12	10
แป	7	12	10
แป	5	12	10
แป	5	12	10
แป	3	12	10
แป	3	12	10
แป	5	12	10
แป	5	12	10
แป	5	12	10
แป	7	12	10
แปฆ	5	12	10
แปง	5	12	10
แปฌ	7	12	10
แปญ	7	12	10
แปถ	5	12	10
แปท	5	12	10
แบ	5	12	10
แบก	5	12	10
แบถ	5	12	10
แบท	5	12	10
แบฌ	5	12	10
แบญ	5	12	10
แบธ	5	12	10
แบน	5	12	10
แป	5	12	10
แป	5	12	10
แป	5	12	10
แป	5	12	10
แปข	7	12	10
แปฃ	7	12	10
แปฐ	7	12	10
แปฑ	7	12	10
แปด	5	12	10
แปต	5	12	10
แป	5	12	10
ฦ	8	12	10
แบช	5	12	10
แบซ	5	12	10
แป	5	12	10
แป	5	12	10
แปฏ	7	12	10
โ	9	12	10
โ	9	12	10
โฎ	9	12	10
แบด	5	12	10
แบต	5	12	10
แบผ	5	12	10
แบฝ	5	12	10
แป	5	12	10
แป	5	12	10
แป	5	12	10
แป	7	12	10
แปก	7	12	10
แปฎ	7	12	10
แปธ	5	12	10
แปน	5	12	10
า	5	12	10
า	5	12	10
า	6	12	10
าก	5	12	10
าช	5	12	10
าซ	5	12	10
วถ	8	12	10
โ	9	12	10
โช	9	12	10
โ	9	12	10
โก	9	12	10
โข	9	12	10
โฃ	9	12	10
โค	9	12	10
โฅ	9	12	10
โฆ	9	12	10
โง	9	12	10
โจ	9	12	10
โฉ	9	12	10
โช	9	12	10
โซ	9	12	10
โฌ	9	12	10
โญ	9	12	10
โฎ	9	12	10
โฏ	9	12	10
โฐ	9	12	10
โฑ	9	12	10
โฒ	9	12	10
โณ	9	12	10
โถ	9	12	10
โท	9	12	10
โธ	9	12	10
โน	9	12	10
โบ	9	12	10
โป	9	12	10
โผ	9	12	10
โฝ	9	12	10
โพ	9	12	10
โฟ	9	12	10
โ	9	12	10
โ	9	12	10
โ	9	12	10
โ	9	12	10
โ	9	12	10
โ	9	12	10
โ	9	12	10
โ	9	12	10
โ	9	12	10
โ	9	12	10
โ	9	12	10
โ	9	12	10
โ	9	12	10
โ	9	12	10
โ	9	12	10
โ	9	12	10
โ	9	12	10
โ	9	12	10
โ	9	12	10
โ	9	12	10
โ	9	12	10
โ	9	12	10
โ	9	12	10
โ	9	12	10
โ	9	12	10
โ	9	12	10
โ	9	12	10
โ	9	12	10
โ	9	12	10
โ	9	12	10
โ	9	12	10
โ	9	12	10
โ	9	12	10
โก	9	12	10
โข	9	12	10
โฃ	9	12	10
โค	9	12	10
โฅ	9	12	10
โฆ	9	12	10
โง	9	12	10
โจ	9	12	10
โฉ	9	12	10
ฬง	2	12	10
ส	5	12	10
ส	6	12	10
ษถ	9	12	10
ว	5	12	10
ว	5	12	10
ว	5	12	10
ว	5	12	10
วบ	5	12	10
วป	5	12	10
ศ	5	12	10
ศ	5	12	10
ศฆ	5	12	10
ศง	5	12	10
ว	5	12	10
วก	5	12	10
แธ	5	12	10
แธ	5	12	10
ศ	5	12	10
ศ	5	12	10
แธ	5	12	10
แธ	5	12	10
แธ	5	12	10
แธ	5	12	10
แตฌ	7	12	10
แธ	5	12	10
แธ	5	12	10
แธ	5	12	10
แธ	5	12	10
แธ	5	12	10
แธ	5	12	10
แธ	5	12	10
แธ	5	12	10
แธ	5	12	10
แตญ	7	12	10
แธ	5	12	10
แธ	5	12	10
แธ	5	12	10
แธ	5	12	10
แธ	5	12	10
แธ	5	12	10
แธ	5	12	10
แธ	5	12	10
ศจ	5	12	10
ศฉ	5	12	10
แธ	5	12	10
แธ	5	12	10
ศ	5	12	10
ศ	5	12	10
ศ	5	12	10
แตฎ	5	12	10
วด	5	12	10
วต	5	12	10
วฆ	5	12	10
แธฆ	5	12	10
แธง	5	12	10
แธจ	5	12	10
แธฉ	5	12	10
แธช	5	12	10
แธซ	5	12	10
ศ	5	12	10
ศ	5	12	10
แธค	5	12	10
แบ	5	12	10
แธฎ	3	12	10
แธฏ	3	12	10
ศ	4	12	10
ศ	4	12	10
ว	3	12	10
ว	3	12	10
ศ	5	12	10
ศ	5	12	10
แธฌ	4	12	10
แธญ	4	12	10
วฐ	5	12	10
ศท	5	12	10
วจ	5	12	10
วฉ	4	12	10
แธฒ	5	12	10
แธณ	4	12	10
แธด	5	12	10
แธต	4	12	10
แธบ	5	12	10
แธป	3	12	10
แธผ	5	12	10
แธฝ	3	12	10
แธถ	5	12	10
แธท	2	12	10
แธธ	5	12	10
แธน	3	12	10
โฑข	7	12	10
แธพ	5	12	10
แธฟ	5	12	10
แน	5	12	10
แน	5	12	10
แตฏ	7	12	10
แน	5	12	10
แน	5	12	10
แน	5	12	10
แน	5	12	10
แน	5	12	10
แน	5	12	10
วธ	5	12	10
วน	5	12	10
แน	5	12	10
แน	5	12	10
แตฐ	7	12	10
วฌ	5	12	10
วญ	5	12	10
ศฌ	5	12	10
ศญ	5	12	10
แน	5	12	10
แน	5	12	10
แน	5	12	10
แน	5	12	10
แน	5	12	10
แน	5	12	10
แน	5	12	10
แน	5	12	10
ศ	5	12	10
ศ	5	12	10
ศช	5	12	10
ศซ	5	12	10
ว	5	12	10
ว	5	12	10
ศฎ	5	12	10
ศฏ	5	12	10
ศฐ	5	12	10
ศฑ	5	12	10
ศ	5	12	10
ศ	5	12	10
วช	5	12	10
แน	5	12	10
แน	5	12	10
แตฑ	7	12	10
ศ	5	12	10
ศ	5	12	10
แน	5	12	10
แน	5	12	10
แน	5	12	10
แน	5	12	10
แน	5	12	10
แน	5	12	10
ศ	5	12	10
ศ	5	12	10
แน	5	12	10
แตณ	7	12	10
แตฒ	7	12	10
แนค	5	12	10
แนฅ	5	12	10
แนฆ	5	12	10
แนง	5	12	10
แนข	5	12	10
แนฃ	5	12	10
แนจ	5	12	10
แนฉ	5	12	10
แตด	7	12	10
แนฐ	5	12	10
แนฑ	3	12	10
แนฎ	5	12	10
แนฏ	3	12	10
แนฌ	5	12	10
แบ	3	12	10
แตต	5	12	10
แนฒ	5	12	10
แนณ	5	12	10
แนถ	5	12	10
แนท	5	12	10
แนธ	5	12	10
แนน	5	12	10
แนบ	5	12	10
แนป	5	12	10
ว	5	12	10
ว	5	12	10
ว	5	12	10
ว	5	12	10
ว	5	12	10
ว	5	12	10
ว	5	12	10
ว	5	12	10
ว	5	12	10
ว	5	12	10
แนด	5	12	10
แนต	5	12	10
ศ	5	12	10
ศ	5	12	10
ศ	5	12	10
แนพ	5	12	10
แนฟ	5	12	10
แนผ	5	12	10
แนฝ	5	12	10
แบ	5	12	10
แบ	5	12	10
แบ	5	12	10
แบ	5	12	10
แบ	5	12	10
แบ	5	12	10
แบ	5	12	10
แบ	5	12	10
แบ	5	12	10
ศฒ	5	12	10
ศณ	5	12	10
แบ	5	12	10
แบ	5	12	10
แบ	5	12	10
แบ	5	12	10
แบ	5	12	10
แบ	5	12	10
แบ	5	12	10
แบ	5	12	10
แตถ	5	12	10
วฎ	5	12	10
วฏ	5	12	10
แบ	3	12	10
๊พ	5	12	10
๊ฟ	5	12	10
วข	9	12	10
วฃ	9	12	10
แตบ	8	12	10
แปป	6	12	10
แด	9	12	10
แด	9	12	10
๊ญฃ	9	12	10
ศธ	9	12	10
สฃ	9	12	10
สฅ	9	12	10
สค	9	12	10
สฉ	9	12	10
สช	7	12	10
สซ	7	12	10
ศน	9	12	10
สจ	8	12	10
สฆ	8	12	10
สง	7	12	10
๊ญ	5	12	10
๊ญ	5	12	10
โง	9	12	10
แปบ	7	12	10
๏ฌฎ	5	12	10
๏ฌฏ	5	12	10
ฦ	6	12	10
ฦ	5	12	10
ฦ	5	12	10
ฦ	6	12	10
ฦ	6	12	10
ฦ	7	12	10
ฦ	5	12	10
ฦ	5	12	10
ฦ	6	12	10
วค	6	12	10
วฅ	6	12	10
ฦ	3	12	10
ฦ	3	12	10
ษฉ	2	12	10
ฦ	5	12	10
ฦ	4	12	10
ฦ	6	12	10
ฦค	7	12	10
ฦฅ	5	12	10
ษฝ	5	12	10
ฦฆ	5	12	10
ฦฌ	6	12	10
ฦญ	3	12	10
ฦซ	3	12	10
ฦฎ	5	12	10
ศ	5	12	10
ฦฑ	5	12	10
ฦ	5	12	10
ฦณ	6	12	10
ฦด	7	12	10
ฦต	5	12	10
ฦถ	5	12	10
ฦข	7	12	10
ฦฃ	7	12	10
ศข	5	12	10
ศฃ	5	12	10
สญ	5	12	10
สฎ	6	12	10
สฏ	7	12	10
๏ฌ	9	12	10
๏ฌ	9	12	10
๏ฌ	9	12	10
๏ฌ	9	12	10
๏ฌ	9	12	10
ำ	5	12	10
ำ	5	12	10
ำ	5	12	10
ำ	5	12	10
ำถ	5	12	10
ำท	4	12	10
า	5	12	10
า	4	12	10
ำ	5	12	10
ำ	5	12	10
าผ	7	12	10
าฝ	7	12	10
าพ	7	12	10
าฟ	7	12	10
ำ	5	12	10
ำ	5	12	10
ำ	7	12	10
ำ	5	12	10
ำ	7	12	10
ำ	5	12	10
ำ	5	12	10
ำ	5	12	10
ำข	5	12	10
ำฃ	5	12	10
ำค	5	12	10
ำฅ	5	12	10
ำฆ	5	12	10
ำง	5	12	10
ำช	5	12	10
ำซ	5	12	10
ำฐ	5	12	10
ำฑ	5	12	10
ำฎ	5	12	10
ำฏ	5	12	10
ำฒ	5	12	10
ำณ	5	12	10
ำด	5	12	10
ำต	5	12	10
ำธ	7	12	10
ำน	6	12	10
ำฌ	5	12	10
ำญ	5	12	10
ัถ	6	12	10
ัท	6	12	10
ำ	9	12	10
ำบ	6	12	10
ิ	8	12	10
๊	5	12	10
๊	6	12	10
๊	6	12	10
ิช	9	12	10
ิฌ	6	12	10
๊	9	12	10
ิ	7	12	10
ิ	5	12	10
ำ	5	12	10
ิ	6	12	10
า	6	12	10
ำ	5	12	10
า	6	12	10
า	5	12	10
ิ	5	12	10
ิ	5	12	10
ำ	6	12	10
ิฎ	6	12	10
ิ	5	12	10
ิ	8	12	10
ิ	8	12	10
ิ	8	12	10
ำ	6	12	10
ำ	6	12	10
ิจ	6	12	10
ำ	5	12	10
าค	6	12	10
ิข	8	12	10
ิ	8	12	10
าจ	6	12	10
ิค	6	12	10
าฆ	8	12	10
า	5	12	10
ิ	8	12	10
ิ	5	12	10
๊	5	12	10
าฌ	5	12	10
๊	6	12	10
๊	5	12	10
ิ	6	12	10
าฒ	6	12	10
ำผ	5	12	10
ำพ	5	12	10
ิฆ	6	12	10
๊	5	12	10
าด	7	12	10
๊	6	12	10
าถ	6	12	10
ำ	5	12	10
าธ	5	12	10
๊	6	12	10
๊	8	12	10
๊	5	12	10
า	6	12	10
ิ	9	12	10
ิ	5	12	10
ำ	9	12	10
ำป	5	12	10
ิ	8	12	10
๊	5	12	10
๊	6	12	10
๊	6	12	10
ิซ	9	12	10
ิญ	6	12	10
๊	8	12	10
ิ	7	12	10
ิ	5	12	10
ำก	5	12	10
ิ	6	12	10
า	6	12	10
ำ	4	12	10
า	5	12	10
า	5	12	10
ิ	5	12	10
ิ	5	12	10
ำ	6	12	10
ิฏ	6	12	10
ิ	5	12	10
ิก	8	12	10
ิ	8	12	10
ิ	8	12	10
ำ	6	12	10
ำ	6	12	10
ิฉ	6	12	10
ำ	5	12	10
าฅ	6	12	10
ิฃ	8	12	10
ิ	8	12	10
าฉ	6	12	10
ิฅ	6	12	10
าง	8	12	10
า	5	12	10
ิ	8	12	10
ิ	5	12	10
๊	5	12	10
าญ	5	12	10
๊	6	12	10
๊	5	12	10
ิ	6	12	10
าณ	6	12	10
ำฝ	5	12	10
ำฟ	5	12	10
ิง	6	12	10
๊	5	12	10
าต	6	12	10
๊	5	12	10
าท	6	12	10
ำ	5	12	10
าน	5	12	10
๊	6	12	10
๊	6	12	10
๊	5	12	10
า	6	12	10
ิ	9	12	10
ิ	5	12	10
แผ	8	12	10
แผ	5	12	10
แผ	8	12	10
แผ	5	12	10
แผ	9	12	10
แผ	5	12	10
แผ	9	12	10
แผ	5	12	10
แผ	9	12	10
แผ	5	12	10
แผ	9	12	10
แผ	6	12	10
แผ	8	12	10
แผ	5	12	10
แผ	8	12	10
แผ	5	12	10
แพบ	8	12	10
แฝฐ	5	12	10
แพธ	5	12	10
แพฐ	5	12	10
แพน	5	12	10
แพฑ	5	12	10
แพป	8	12	10
แฝฑ	5	12	10
แพ	8	12	10
แพ	5	12	10
แพ	8	12	10
แพ	5	12	10
แพ	9	12	10
แพ	5	12	10
แพ	9	12	10
แพ	5	12	10
แพ	9	12	10
แพ	5	12	10
แพ	9	12	10
แพ	5	12	10
แพ	8	12	10
แพ	5	12	10
แพ	8	12	10
แพ	5	12	10
แพผ	5	12	10
แพด	5	12	10
แพถ	5	12	10
แพท	5	12	10
แพฒ	5	12	10
แพณ	5	12	10
แผ	8	12	10
แผ	5	12	10
แผ	8	12	10
แผ	5	12	10
แผ	9	12	10
แผ	5	12	10
แผ	9	12	10
แผ	5	12	10
แผ	9	12	10
แผ	5	12	10
แผ	9	12	10
แผ	5	12	10
แฟ	8	12	10
แฟ	8	12	10
แฝฒ	5	12	10
แฝณ	5	12	10
แผจ	8	12	10
แผ	5	12	10
แฟ	8	12	10
แฝด	5	12	10
แผฉ	8	12	10
แผก	5	12	10
แผช	9	12	10
แผข	5	12	10
แผซ	9	12	10
แผฃ	5	12	10
แผฌ	9	12	10
แผค	5	12	10
แผญ	9	12	10
แผฅ	5	12	10
แผฎ	8	12	10
แผฆ	5	12	10
แผฏ	8	12	10
แผง	5	12	10
แพ	8	12	10
แพ	5	12	10
แพ	8	12	10
แพ	5	12	10
แพ	9	12	10
แพ	5	12	10
แพ	9	12	10
แพ	5	12	10
แพ	9	12	10
แพ	5	12	10
แพ	9	12	10
แพ	5	12	10
แพ	8	12	10
แพ	5	12	10
แพ	8	12	10
แพ	5	12	10
แฟ	8	12	10
แฝต	5	12	10
แฟ	5	12	10
แฟ	5	12	10
แฟ	5	12	10
แฟ	5	12	10
แฟ	5	12	10
แฟ	5	12	10
แฟ	6	12	10
แฝถ	3	12	10
แฟ	6	12	10
แฝท	2	12	10
แผธ	6	12	10
แผฐ	3	12	10
แผน	9	12	10
แผฑ	2	12	10
แผบ	8	12	10
แผฒ	5	12	10
แผป	7	12	10
แผณ	5	12	10
แผผ	8	12	10
แผด	5	12	10
แผฝ	7	12	10
แผต	5	12	10
แผพ	6	12	10
แผถ	4	12	10
แผฟ	6	12	10
แผท	4	12	10
แฟ	4	12	10
แฟ	4	12	10
แฟ	3	12	10
แฟ	3	12	10
แฟ	3	12	10
แฟ	3	12	10
แฟ	4	12	10
แฟ	4	12	10
แฟธ	8	12	10
แฝธ	5	12	10
แฟน	8	12	10
แฝน	5	12	10
แฝ	8	12	10
แฝ	5	12	10
แฝ	8	12	10
แฝ	5	12	10
แฝ	9	12	10
แฝ	5	12	10
แฝ	9	12	10
แฝ	5	12	10
แฝ	9	12	10
แฝ	5	12	10
แฝ	9	12	10
แฝ	5	12	10
แฟฌ	8	12	10
แฟค	5	12	10
แฟฅ	5	12	10
แฟช	8	12	10
แฝบ	5	12	10
แฟซ	8	12	10
แฝป	5	12	10
แฝ	8	12	10
แฝ	5	12	10
แฝ	9	12	10
แฝ	5	12	10
แฝ	9	12	10
แฝ	5	12	10
แฝ	8	12	10
แฝ	5	12	10
แฟจ	5	12	10
แฟ	5	12	10
แฟฉ	5	12	10
แฟก	5	12	10
ฯ	9	12	10
ฯ	6	12	10
แฟข	5	12	10
แฟฃ	5	12	10
แฟง	5	12	10
แฝ	5	12	10
แฝ	5	12	10
แฝ	5	12	10
แฟฆ	5	12	10
แฝ	5	12	10
แฟบ	8	12	10
แฝผ	7	12	10
แฟป	8	12	10
แฝฝ	7	12	10
แฝจ	8	12	10
แฝ	7	12	10
แฝฉ	8	12	10
แฝก	7	12	10
แฝช	9	12	10
แฝข	7	12	10
แฝซ	9	12	10
แฝฃ	7	12	10
แฝฌ	9	12	10
แฝค	7	12	10
แฝญ	9	12	10
แฝฅ	7	12	10
แฝฎ	8	12	10
แฝฆ	7	12	10
แฝฏ	9	12	10
แฝง	7	12	10
แพจ	8	12	10
แพ	7	12	10
แพฉ	8	12	10
แพก	7	12	10
แพช	9	12	10
แพข	7	12	10
แพซ	9	12	10
แพฃ	7	12	10
แพฌ	9	12	10
แพค	7	12	10
แพญ	9	12	10
แพฅ	7	12	10
แพฎ	8	12	10
แพฆ	7	12	10
แพฏ	9	12	10
แพง	7	12	10
แฟผ	5	12	10
แฟณ	7	12	10
แฟฒ	7	12	10
แฟด	7	12	10
แฟถ	7	12	10
แฟท	7	12	10
โฏ	9	12	10
โ	9	12	10
โ	9	12	10
โ	9	12	10
ฦ	5	12	10
ฦบ	5	12	10
โฑพ	5	12	10
ศฟ	5	12	10
โฑฟ	5	12	10
ษ	5	12	10
แถ	5	12	10
๊	5	12	10
๊	5	12	10
แถ	6	12	10
แถ	4	12	10
แถ	6	12	10
๊	6	12	10
แถ	5	12	10
แถ	2	12	10
แถ	6	12	10
แถ	6	12	10
แถ	5	12	10
แถ	5	12	10
แถ	5	12	10
แถ	5	12	10
แถ	5	12	10
แถ	6	12	10
๊	6	12	10
แถ	6	12	10
แถ	6	12	10
แถ	6	12	10
แถ	6	12	10
แถ	6	12	10
แถ	5	12	10
แถ	6	12	10
แถ	2	12	10
แถ	6	12	10
แถ	5	12	10
แถ	6	12	10
แถ	5	12	10
แบ	5	12	10
โ	9	12	10
โ	9	12	10
โจ	9	12	10
โฏ	9	12	10
ยก	1	8	7
โฐ	7	8	7
ยญ	3	8	7
ยท	1	8	7
โด	7	8	7
โ	5	8	7
ยฟ	5	8	7
ร	5	8	7
ร	5	8	7
ร	5	8	7
าป	5	8	7
รฐ	5	8	7
รธ	5	8	7
รพ	5	8	7
ฮ	5	8	7
ฮ	5	8	7
ฮ	5	8	7
ฮ	5	8	7
ฮ	5	8	7
ฮ	5	8	7
ฮ	5	8	7
ฮ	5	8	7
ฮ	3	8	7
ฮ	5	8	7
ฮ	5	8	7
ฮ	5	8	7
ฮ	5	8	7
ฮ	5	8	7
ฮ	5	8	7
ฮ	5	8	7
ฮก	5	8	7
ฮฃ	5	8	7
ฮค	5	8	7
ฮฅ	5	8	7
ฮฆ	5	8	7
ฮง	5	8	7
ฮจ	5	8	7
ฮฉ	5	8	7
ฮฑ	5	8	7
ฮฒ	5	8	7
ฮณ	5	8	7
ฮด	5	8	7
ฮต	5	8	7
ฮถ	5	8	7
ฮท	5	8	7
ฮธ	5	8	7
ฮน	2	8	7
ฮบ	4	8	7
ฮป	5	8	7
ฮผ	5	8	7
ฮฝ	5	8	7
ฮพ	5	8	7
ฮฟ	5	8	7
ฯ	5	8	7
ฯ	5	8	7
ฯ	5	8	7
ฯ	6	8	7
ฯ	5	8	7
ฯ	5	8	7
ฯ	5	8	7
ฯ	5	8	7
ฯ	5	8	7
ฯ	7	8	7
ะ	7	8	7
ะ	5	8	7
ะ	3	8	7
ะ	5	8	7
ะ	7	8	7
ะ	6	8	7
ะ	6	8	7
ะ	5	8	7
ะ	5	8	7
ะ	5	8	7
ะ	5	8	7
ะ	6	8	7
ะ	5	8	7
ะ	7	8	7
ะ	5	8	7
ะ	5	8	7
ะ	5	8	7
ะ	5	8	7
ะ	5	8	7
ะ	5	8	7
ะ	5	8	7
ะ	5	8	7
ะ	5	8	7
ะก	5	8	7
ะข	5	8	7
ะฃ	5	8	7
ะค	7	8	7
ะฅ	5	8	7
ะฆ	6	8	7
ะง	5	8	7
ะจ	7	8	7
ะฉ	8	8	7
ะช	6	8	7
ะซ	7	8	7
ะฌ	5	8	7
ะญ	5	8	7
ะฎ	7	8	7
ะฏ	5	8	7
ะฐ	5	8	7
ะฑ	5	8	7
ะฒ	5	8	7
ะณ	4	8	7
ะด	6	8	7
ะต	5	8	7
ะถ	5	8	7
ะท	5	8	7
ะธ	5	8	7
ะบ	4	8	7
ะป	5	8	7
ะผ	5	8	7
ะฝ	5	8	7
ะพ	5	8	7
ะฟ	5	8	7
ั	5	8	7
ั	5	8	7
ั	5	8	7
ั	5	8	7
ั	5	8	7
ั	5	8	7
ั	5	8	7
ั	5	8	7
ั	5	8	7
ั	6	8	7
ั	6	8	7
ั	6	8	7
ั	5	8	7
ั	5	8	7
ั	7	8	7
ั	5	8	7
ั	5	8	7
ั	5	8	7
ั	1	8	7
ั	5	8	7
ั	7	8	7
ั	6	8	7
โ	6	8	7
โ	8	8	7
โ	2	8	7
โ	2	8	7
โ	4	8	7
โ	4	8	7
โ	4	8	7
โฆ	7	8	7
โ	4	8	7
โ	7	8	7
โ	5	8	7
โ	7	8	7
โ	5	8	7
โ	7	8	7
๏ผ	5	8	7
ฦ	5	8	7
ษ	5	8	7
ษ	5	8	7
ษช	3	8	7
าฎ	5	8	7
าฏ	5	8	7
ำจ	5	8	7
ำฉ	5	8	7
สป	1	8	7
ห	1	8	7
อพ	1	8	7
ฤธ	4	8	7
แบ	5	8	7
ร	5	8	7
โฝ	6	8	7
โฌ	6	8	7
ัข	6	8	7
ัฃ	6	8	7
ัด	6	8	7
ัต	6	8	7
ำ	3	8	7
ัฒ	5	8	7
ัณ	5	8	7
โฐ	4	8	7
ยน	3	8	7
ยณ	4	8	7
โด	4	8	7
โต	4	8	7
โถ	4	8	7
โท	4	8	7
โธ	4	8	7
โน	4	8	7
โบ	3	8	7
โป	3	8	7
โผ	3	8	7
โฝ	2	8	7
โพ	2	8	7
โฑ	1	8	7
โข	8	8	7
ส	5	8	7
ส	5	8	7
โง	7	8	7
โ	7	8	7
โ	7	8	7
า	6	8	7
า	5	8	7
า	6	8	7
า	5	8	7
าฐ	5	8	7
าฑ	5	8	7
ำ	5	8	7
ำ	5	8	7
า	8	8	7
า	6	8	7
าข	6	8	7
าฃ	6	8	7
าบ	5	8	7
ื	5	8	7
ื	5	8	7
ื	4	8	7
ื	5	8	7
ื	5	8	7
ื	1	8	7
ื	3	8	7
ื	5	8	7
ื	5	8	7
ื	1	8	7
ื	5	8	7
ื	5	8	7
ื	5	8	7
ื	5	8	7
ื	3	8	7
ื	1	8	7
ืก	5	8	7
ืข	5	8	7
ืค	5	8	7
ืฃ	5	8	7
ืฆ	5	8	7
ืฅ	5	8	7
ืง	5	8	7
ืจ	5	8	7
ยข	5	8	7
ยค	7	8	7
ยฅ	5	8	7
ยฉ	7	8	7
ยฎ	7	8	7
ยต	5	8	7
ยถ	6	8	7
ยผ	7	8	7
ยฝ	7	8	7
ยพ	7	8	7
ฮ	1	8	7
โ	3	8	7
โ	2	8	7
โ	5	8	7
โก	5	8	7
โข	2	8	7
โฑ	8	8	7
โฒ	2	8	7
โณ	4	8	7
โด	6	8	7
โต	2	8	7
โถ	4	8	7
โท	6	8	7
โน	3	8	7
โบ	3	8	7
โป	7	8	7
โผ	3	8	7
โฝ	5	8	7
โ	7	8	7
โ	7	8	7
โ	7	8	7
โ	6	8	7
โ	3	8	7
โ	1	8	7
โ	3	8	7
โ	3	8	7
โ	8	8	7
โ	7	8	7
โ	5	8	7
โ	5	8	7
โ	7	8	7
โ	8	8	7
โ	8	8	7
โ	7	8	7
ะ	5	8	7
โฒ	5	8	7
โต	5	8	7
โฝ	8	8	7
โ	3	8	7
โ	5	8	7
โฅ	5	8	7
โ	5	8	7
โฃ	5	8	7
โฅ	5	8	7
โฆ	5	8	7
โฉ	3	8	7
โช	5	8	7
โซ	7	8	7
โฌ	7	8	7
โญ	3	8	7
โฎ	3	8	7
โฏ	5	8	7
โ	7	8	7
โ	7	8	7
โ	7	8	7
โ	7	8	7
โ	7	8	7
โ	7	8	7
สฌ	5	8	7
โก	5	8	7
โ	8	8	7
โ	6	8	7
โ	7	8	7
โ	6	8	7
โค	7	8	7
โญ	7	8	7
โธ	5	8	7
โธฎ	5	8	7
โธต	1	8	7
โธธ	5	8	7
โน	1	8	7
โน	5	8	7
โฅ	5	8	7
แ	5	8	7
ฦ	5	8	7
฿	5	8	7
ฯ	5	8	7
ใฅ	5	8	7
โฑฏ	5	8	7
แบ	5	8	7
ฦ	5	8	7
แก	5	8	7
ฦ	5	8	7
โฒ	5	8	7
โ	5	8	7
๊ฐ	5	8	7
๊	5	8	7
ิ	5	8	7
๊น	5	8	7
แด	5	8	7
โ	5	8	7
โฉ	5	8	7
ษ	5	8	7
โ	5	8	7
ษ	5	8	7
ษ	5	8	7
ว	5	8	7
ษ	4	8	7
แตท	5	8	7
ษฅ	5	8	7
แด	1	8	7
ษพ	5	8	7
ส	4	8	7
๊	2	8	7
ษฏ	5	8	7
ษน	5	8	7
ส	3	8	7
ส	5	8	7
ส	5	8	7
ส	5	8	7
ิฑ	5	8	7
ิฒ	5	8	7
ิณ	6	8	7
ิด	6	8	7
ิถ	5	8	7
ิท	5	8	7
ิน	6	8	7
ิบ	6	8	7
ิป	5	8	7
ิผ	4	8	7
ิฝ	6	8	7
ิพ	5	8	7
ิฟ	5	8	7
ี	5	8	7
ี	5	8	7
ี	6	8	7
ี	5	8	7
ี	6	8	7
ี	5	8	7
ี	5	8	7
ี	5	8	7
ี	5	8	7
ี	5	8	7
ี	5	8	7
ี	6	8	7
ี	5	8	7
ี	5	8	7
ี	5	8	7
ี	5	8	7
ี	5	8	7
ี	4	8	7
ี	5	8	7
ี	5	8	7
ี	5	8	7
ี	5	8	7
ี	2	8	7
ีก	5	8	7
ีข	5	8	7
ีฃ	6	8	7
ีค	6	8	7
ีฅ	5	8	7
ีฆ	6	8	7
ีง	4	8	7
ีจ	5	8	7
ีฉ	5	8	7
ีช	6	8	7
ีซ	5	8	7
ีฌ	2	8	7
ีญ	6	8	7
ีฎ	5	8	7
ีฏ	5	8	7
ีฐ	5	8	7
ีฑ	5	8	7
ีฒ	6	8	7
ีณ	5	8	7
ีด	6	8	7
ีต	5	8	7
ีถ	6	8	7
ีท	5	8	7
ีธ	5	8	7
ีน	5	8	7
ีบ	5	8	7
ีป	5	8	7
ีผ	5	8	7
ีฝ	5	8	7
ีพ	6	8	7
ีฟ	7	8	7
ึ	5	8	7
ึ	5	8	7
ึ	4	8	7
ึ	7	8	7
ึ	6	8	7
ึ	5	8	7
ึ	5	8	7
ึ	6	8	7
ืฉ	5	8	7
ืช	5	8	7
ิธ	5	8	7
ี	2	8	7
ี	2	8	7
ี	3	8	7
ี	2	8	7
ี	3	8	7
ี	5	8	7
ี	5	8	7
ึ	6	8	7
ึ	5	8	7
ยฏ	5	8	7
ลฟ	3	8	7
ฦท	5	8	7
ส	5	8	7
วท	5	8	7
ฦฟ	5	8	7
ศ	5	8	7
ศ	5	8	7
ศค	5	8	7
ศฅ	5	8	7
ห	1	8	7
๊	5	8	7
๊	4	8	7
โ	3	8	7
โ	5	8	7
โ	5	8	7
โฉ	6	8	7
โช	6	8	7
โญ	7	8	7
โฎ	7	8	7
โฏ	6	8	7
โด	3	8	7
โต	3	8	7
โถ	5	8	7
โท	5	8	7
โธ	3	8	7
โน	5	8	7
โบ	5	8	7
โป	7	8	7
โผ	7	8	7
โฝ	1	8	7
โญ	7	8	7
โฒ	5	8	7
โถ	6	8	7
โผ	5	8	7
โ	6	8	7
โ	4	8	7
โฆ	3	8	7
โ	3	8	7
โ	7	8	7
โจ	7	8	7
ฤฒ	5	8	7
ฤณ	4	8	7
ว	7	8	7
๊จ	7	8	7
๊ฉ	6	8	7
๊น	8	8	7
๊ป	8	8	7
๏ฌ	7	8	7
๏ฌ	5	8	7
๏ฌ	6	8	7
๏ฌ	8	8	7
๏ฌ	5	8	7
๏ฟฝ	7	8	7
ิต	5	8	7
ี	5	8	7
แ	4	8	7
แข	5	8	7
แฃ	5	8	7
แค	5	8	7
แฅ	5	8	7
แฆ	4	8	7
แง	4	8	7
แจ	3	8	7
แฉ	4	8	7
แช	4	8	7
แซ	4	8	7
แฌ	5	8	7
แญ	3	8	7
แฎ	3	8	7
แฏ	5	8	7
แฐ	5	8	7
แฑ	4	8	7
แฒ	3	8	7
แณ	4	8	7
แด	4	8	7
แถ	5	8	7
แท	5	8	7
แธ	5	8	7
แน	4	8	7
แบ	5	8	7
แป	5	8	7
แผ	5	8	7
แฝ	3	8	7
แพ	5	8	7
แฟ	3	8	7
แ	5	8	7
แ	1	8	7
แ	3	8	7
แ	6	8	7
แ	5	8	7
แ	5	8	7
แ	3	8	7
แ	5	8	7
แ	4	8	7
แ	5	8	7
แ	3	8	7
แ	5	8	7
แ	1	8	7
แ	3	8	7
แ	5	8	7
แ	5	8	7
แ	3	8	7
แ	4	8	7
แ	4	8	7
แ	3	8	7
แ	4	8	7
แ	4	8	7
แ	5	8	7
แ	5	8	7
แ	5	8	7
แ	3	8	7
แ	3	8	7
แ	4	8	7
แ	5	8	7
แ	5	8	7
แ	5	8	7
แ	6	8	7
แ	7	8	7
แก	5	8	7
แข	7	8	7
แฃ	5	8	7
แค	5	8	7
แฅ	5	8	7
แฆ	5	8	7
แง	1	8	7
แจ	5	8	7
แฉ	4	8	7
แช	7	8	7
แซ	2	8	7
แฌ	1	8	7
แญ	5	8	7
แฎ	5	8	7
แฏ	5	8	7
แฐ	5	8	7
แฑ	5	8	7
แฒ	5	8	7
แณ	7	8	7
แด	4	8	7
แต	2	8	7
แถ	5	8	7
แท	5	8	7
แธ	5	8	7
โบ	5	8	7
โป	7	8	7
ยฆ	1	8	7
โน	5	8	7
ื	5	8	7
ืณ	2	8	7
ืด	4	8	7
ืฐ	3	8	7
ืฑ	3	8	7
ืฒ	3	8	7
ึพ	5	8	7
ื	1	8	7
ื	3	8	7
ยด	2	8	7
ยจ	3	8	7
แด	5	8	7
ส	5	8	7
แด	5	8	7
แด	5	8	7
แด	5	8	7
๊ฐ	5	8	7
ษข	5	8	7
ส	5	8	7
แด	5	8	7
แด	5	8	7
ส	5	8	7
แด	5	8	7
ษด	5	8	7
แด	5	8	7
แด	5	8	7
๊ฏ	5	8	7
ส	5	8	7
๊ฑ	5	8	7
แด	5	8	7
แด	5	8	7
แด	5	8	7
แดก	5	8	7
ส	5	8	7
แดข	5	8	7
ยง	5	8	7
ษฑ	5	8	7
ษณ	6	8	7
ษฒ	6	8	7
ส	3	8	7
ษ	6	8	7
ษก	5	8	7
สก	5	8	7
ษ	5	8	7
ส	5	8	7
ษธ	5	8	7
ส	5	8	7
สข	5	8	7
ษป	6	8	7
ส	5	8	7
ษฆ	5	8	7
ส	5	8	7
ษฐ	5	8	7
ษฌ	4	8	7
ษฎ	5	8	7
ส	5	8	7
ว	1	8	7
ว	1	8	7
ว	5	8	7
ว	3	8	7
ษ	5	8	7
ษ	6	8	7
แถ	6	8	7
ส	6	8	7
ษ	6	8	7
ส	6	8	7
ษง	5	8	7
ษซ	5	8	7
ษจ	3	8	7
ส	7	8	7
ส	5	8	7
ษ	5	8	7
ษต	5	8	7
ษค	5	8	7
ษ	5	8	7
ษ	5	8	7
ษ	5	8	7
ษ	5	8	7
ษ	7	8	7
ษ	7	8	7
ฦ	7	8	7
ฦ	6	8	7
ฦ	6	8	7
ฦฉ	5	8	7
ฦฒ	5	8	7
แ	5	8	7
แก	7	8	7
แข	7	8	7
แฃ	5	8	7
แค	5	8	7
แฅ	7	8	7
แฆ	7	8	7
แง	7	8	7
แจ	5	8	7
แฉ	5	8	7
แช	7	8	7
แซ	6	8	7
แฌ	5	8	7
แญ	7	8	7
แฎ	7	8	7
แฏ	6	8	7
แฐ	7	8	7
แฑ	5	8	7
แฒ	5	8	7
แณ	7	8	7
แด	5	8	7
แต	5	8	7
แถ	5	8	7
แท	5	8	7
แธ	5	8	7
แน	5	8	7
แบ	5	8	7
แป	7	8	7
แผ	5	8	7
แฝ	5	8	7
แพ	5	8	7
แฟ	5	8	7
แ	7	8	7
แ	5	8	7
แ	5	8	7
แ	5	8	7
แ	5	8	7
แ	7	8	7
แ	5	8	7
แ	5	8	7
แ	5	8	7
แ	5	8	7
แ	5	8	7
แ	5	8	7
แ	5	8	7
แ	5	8	7
แ	5	8	7
แ	5	8	7
แ	5	8	7
แ	5	8	7
แ	7	8	7
แ	5	8	7
แ	5	8	7
แ	5	8	7
แ	5	8	7
แ	5	8	7
แ	5	8	7
แก	5	8	7
แข	5	8	7
แฃ	5	8	7
แค	5	8	7
แฅ	5	8	7
แฆ	5	8	7
แง	5	8	7
แจ	5	8	7
แฉ	5	8	7
แช	5	8	7
แซ	5	8	7
แฌ	5	8	7
แญ	5	8	7
แฎ	5	8	7
แฏ	4	8	7
แฐ	5	8	7
แฑ	6	8	7
แฒ	5	8	7
แณ	5	8	7
แด	5	8	7
แต	5	8	7
แถ	5	8	7
แท	5	8	7
แธ	5	8	7
แน	5	8	7
แบ	5	8	7
แป	3	8	7
แผ	3	8	7
แฝ	5	8	7
แพ	5	8	7
แฟ	5	8	7
๏ญ	5	8	7
๏ฌซ	5	8	7
๏ญ	5	8	7
๏ญ	5	8	7
๏ฌป	4	8	7
๏ฌ	3	8	7
๏ฌ	1	8	7
๏ญ	2	8	7
๏ฌต	3	8	7
๏ญ	5	8	7
๏ฌฑ	5	8	7
๊ง	5	8	7
๊ฆ	5	8	7
ษบ	5	8	7
โฑฑ	7	8	7
ส	6	8	7
ส	5	8	7
ส	5	8	7
ษญ	2	8	7
ษท	7	8	7
ษฟ	5	8	7
ส	5	8	7
ส	6	8	7
ส	5	8	7
ส	5	8	7
โช	7	8	7
โพ	6	8	7
ึ	5	8	7
โด	5	8	7
โด	6	8	7
โด	6	8	7
โด	5	8	7
โด	5	8	7
โด	5	8	7
โด	6	8	7
โดก	5	8	7
โด	5	8	7
โด	5	8	7
โด	5	8	7
โด	5	8	7
โด	5	8	7
โด	5	8	7
โดข	5	8	7
โด	5	8	7
โด	6	8	7
โด	6	8	7
โด	5	8	7
โด	5	8	7
โด	5	8	7
โดฃ	5	8	7
โด	5	8	7
โด	5	8	7
โด	5	8	7
โด	5	8	7
โด	5	8	7
โด	5	8	7
โด	5	8	7
โด	5	8	7
โด	5	8	7
โด	5	8	7
โด	6	8	7
โด	5	8	7
โดค	5	8	7
โด	5	8	7
โด	5	8	7
โดฅ	5	8	7
โ	8	8	7
โ	8	8	7
โ	8	8	7
โ	8	8	7
โ	8	8	7
โ	8	8	7
โ	7	8	7
โ	7	8	7
โ	7	8	7
โ	7	8	7
โ	6	8	7
โ	7	8	7
โ	7	8	7
โ	7	8	7
โ	7	8	7
โ	7	8	7
โฃ	5	8	7
โค	5	8	7
โง	5	8	7
โก	5	8	7
โข	5	8	7
โ	8	8	7
โฐ	5	8	7
โฑ	5	8	7
โณ	5	8	7
โด	5	8	7
โถ	5	8	7
โท	5	8	7
โ	8	8	7
โ	8	8	7
โ	8	8	7
โ	8	8	7
โต	6	8	7
โ	7	8	7
โ	5	8	7
โ	5	8	7
โ	5	8	7
โ	5	8	7
โ	5	8	7
โ	5	8	7
โ	5	8	7
โ	5	8	7
โ	5	8	7
โง	5	8	7
โจ	5	8	7
โป	5	8	7
โผ	5	8	7
โฝ	5	8	7
โฅ	3	8	7
โข	6	8	7
โ	3	8	7
โ	5	8	7
โค	5	8	7
โฅ	5	8	7
โข	5	8	7
โจ	5	8	7
โ	7	8	7
โ	4	8	7
โด	5	8	7
โต	5	8	7
โ	7	8	7
โ	7	8	7
โ	5	8	7
โ	5	8	7
โ	5	8	7
โ	5	8	7
โก	5	8	7
โณ	5	8	7
โท	6	8	7
โฝ	5	8	7
โ	6	8	7
โ	5	8	7
โ	5	8	7
โ	5	8	7
โ	7	8	7
โ	7	8	7
โ	7	8	7
โ	6	8	7
โ	4	8	7
โ	3	8	7
โ	4	8	7
โ	4	8	7
โ	4	8	7
โ	4	8	7
โ	4	8	7
โ	4	8	7
โ	4	8	7
โ	4	8	7
โ	3	8	7
โ	3	8	7
โ	3	8	7
โ	2	8	7
โ	2	8	7
โซ	5	8	7
โฎ	5	8	7
โ	6	8	7
โ	7	8	7
โ	7	8	7
โ	7	8	7
ใ	5	8	7
ษผ	5	8	7
ฦ	6	8	7
ฦ	6	8	7
แบ	5	8	7
ศฝ	6	8	7
ฦ	3	8	7
ฦ	5	8	7
ศ	5	8	7
ฦ	5	8	7
ฦ	5	8	7
ฦง	5	8	7
ฦจ	5	8	7
ฦช	5	8	7
ฦธ	5	8	7
ฦน	5	8	7
ฦป	5	8	7
ฦผ	5	8	7
ฦฝ	5	8	7
ฦพ	5	8	7
ศก	7	8	7
ศด	3	8	7
ศต	7	8	7
ศถ	4	8	7
ศบ	5	8	7
โฑฅ	6	8	7
ศป	5	8	7
ศผ	5	8	7
ษ	5	8	7
ษ	6	8	7
ศพ	5	8	7
โฑฆ	5	8	7
ษ	5	8	7
ษ	5	8	7
ษ	6	8	7
ษ	7	8	7
ษ	6	8	7
ษ	6	8	7
ษ	6	8	7
ษ	6	8	7
ษ	6	8	7
ษ	6	8	7
ษ	7	8	7
ษ	7	8	7
แบ	4	8	7
แบ	4	8	7
แปผ	5	8	7
แปฝ	4	8	7
แปพ	5	8	7
แปฟ	6	8	7
๊จ	6	8	7
๊ฉ	5	8	7
๐ฐ	5	8	7
๐ฑ	5	8	7
๐ฒ	5	8	7
๐ณ	5	8	7
๐ด	5	8	7
๐ต	5	8	7
๐ถ	5	8	7
๐ท	5	8	7
๐ธ	5	8	7
๐น	1	8	7
๐บ	5	8	7
๐ป	5	8	7
๐ผ	5	8	7
๐ฝ	5	8	7
๐พ	5	8	7
๐ฟ	5	8	7
๐	5	8	7
๐	5	8	7
๐	5	8	7
๐	5	8	7
๐	5	8	7
๐	5	8	7
๐	5	8	7
๐	5	8	7
๐	5	8	7
๐	5	8	7
๐	5	8	7
๐ง	8	8	7
๐ฅ	6	8	7
๐	8	8	7
โ	8	8	7
โ	8	8	7
โ	8	8	7
โ	8	8	7
โ	8	8	7
โ	7	8	7
โ	7	8	7
โ	6	8	7
โ	8	8	7
๐ก	8	8	7
๐น	8	8	7
๐ช	6	8	7
๐ฑ	8	8	7
๐ฃ	8	8	7
๐งช	7	8	7
โ	7	8	7
โฏช	7	8	7
โฏซ	7	8	7
โฑญ	5	8	7
๐ก	7	8	7
โ	7	8	7
๐	8	8	7
๐ชฃ	7	8	7
๐	7	8	7
โณ	7	8	7
โ	7	8	7
โ	5	8	7
โก	5	8	7
โข	5	8	7
โฃ	6	8	7
โค	5	8	7
โฅ	5	8	7
โฆ	7	8	7
โฉ	7	8	7
โซ	6	8	7
โญ	6	8	7
โฎ	5	8	7
โฐ	5	8	7
โฑ	7	8	7
โฒ	5	8	7
โณ	7	8	7
โต	5	8	7
โถ	5	8	7
โท	7	8	7
โธ	5	8	7
โน	5	8	7
โบ	6	8	7
โป	7	8	7
โผ	5	8	7
โฟ	5	8	7
